Best_Params:
  Dropout: 0.4882360346157509
  Learning_Rate: 0.01
  Neurons: 72
MAE: 863.7867422802958
MSE: 913726.7584024296
R2: -0.0002879057976967747
