Best_Params:
  Dropout: 0.19463385392854748
  Learning_Rate: 0.009896797319643411
  Neurons: 122
MAE: 864.7548104939394
MSE: 914132.4052834911
R2: -0.0007319812999397879
